43 374291
3089 7998 13325 1269 8769 17252 11761 14151 7149 5367 14630 3882 14925 12744 4383 82 14747 6000 7597 6397 16775 8384 15149 9884 4468 11588 6723 3292 13672 17390 4279 8464 8324 1732 12511 17234 2472 13344 18039 5778 16987 2299 9046 
88 52 13 15 64 6 14 48 72 64 55 0 17 56 29 51 47 19 11 45 80 2 60 90 18 32 31 58 79 76 89 10 46 58 85 23 8 15 72 42 68 2 43 


CPU Result
1340


You Result
0





2 9
8 30 
72 66 

5 60 
30 10 20 35 40 
3 0 3 5 4

10 4542
378 434 736 985 689 282 231 434 282 862 
7 76 11 24 0 50 94 27 64 77 


CPU Result
260


You Result
419


55 60 
30 10 20 35 40 
3 0 3 5 4

2 9
8 30 
72 66 

5 60 
30 10 20 35 40 
3 0 3 5 4

